Array                         Size
9 1 2 3 4 5 6 7 8 9            1 1 1 1 1 1 1 1 1 2      (9,0)
Array                         Size
9 1 2 3 3 5 6 7 8 9            1 1 1 2 1 1 1 1 1 2      (3,4)
Array                         Size
9 1 2 3 3 5 6 7 5 9            1 1 1 2 1 2 1 1 1 2      (5,8)
Array                         Size
9 1 7 3 3 5 6 7 5 9            1 1 1 2 1 2 1 2 1 2      (7,2)
Array                         Size
9 7 7 3 3 5 6 7 5 9            1 1 1 2 1 2 1 3 1 2      (2,1)
Array                         Size
9 7 7 3 3 7 6 7 5 9            1 1 1 2 1 2 1 5 1 2      (5,7)
Array                         Size
9 7 7 9 3 7 6 7 5 9            1 1 1 2 1 2 1 5 1 4      (0,3)
Array                         Size
9 7 7 9 9 7 6 7 5 7            1 1 1 2 1 2 1 9 1 4      (4,2)
