Array                         
0 1 2 3 4 5 6 7 8 0       (9,0)
Array                         
0 1 2 4 4 5 6 7 8 0       (3,4)
Array                         
0 1 2 4 4 8 6 7 8 0       (5,8)
Array                         
0 1 2 4 4 8 6 2 8 0       (7,2)
Array                         
0 1 1 4 4 8 6 1 8 0       (2,1)
Array                         
0 1 1 4 4 1 6 1 1 0       (5,7)
Array                         
4 1 1 4 4 1 6 1 1 4       (0,3)
Array                         
1 1 1 1 1 1 6 1 1 1       (4,2)
